mem_all: 0.3019735063530684, cat_ori: 0.13643327025322158, num_ori: 0.9990087411011985
*********** Evaluation ***********

1. MLE: 
Alpha_Precision_all = 0.7130876212790244
Beta_Recall_all = 0.19615511699858812
